time	linear displacement		
	actuator #1 [mm]	actuator #2 [mm]	actuator #3 [mm]
0	-0,000352899	-6,39E-05	0,0299486
0,01	-0,000984931	-7,16E-05	0,0301362
0,02	-0,00166685	-0,000121716	0,0303225
0,03	-0,0024502	-0,000261758	0,0305079
0,04	-0,00338668	-0,0005391	0,0306927
0,05	-0,00452813	-0,00100086	0,0308776
0,06	-0,00592654	-0,00169389	0,03106368,96	17,6043	63,3044	-16,0318
8,97	17,0912	63,4319	-16,1998
8,98	16,5745	63,5517	-16,3676
8,99	16,0542	63,6637	-16,535
9	15,5304	63,7679	-16,7022
9,01	15,0032	63,8642	-16,869
9,02	14,4725	63,9526	-17,0354
9,03	13,9384	64,0332	-17,2014
9,04	13,401	64,1058	-17,3669
9,05	12,8604	64,1706	-17,5318
9,06	12,3165	64,2273	-17,6961
9,07	11,7695	64,2762	-17,8599
9,08	11,2194	64,317	-18,0229
9,09	10,6662	64,3499	-18,1853
9,1	10,1101	64,3748	-18,3468
9,11	9,55108	64,3917	-18,5076
9,12	8,9892	64,4007	-18,6676
9,13	8,42453	64,4016	-18,8266
9,14	7,85714	64,3945	-18,9848
9,15	7,28709	64,3795	-19,1419
9,16	6,71445	64,3564	-19,2981
9,17	6,13929	64,3254	-19,4532
9,18	5,56167	64,2864	-19,6072
9,19	4,98167	64,2394	-19,7601
9,2	4,39935	64,1845	-19,9119
9,21	3,81479	64,1216	-20,0624
9,22	3,22805	64,0507	-20,2117
9,23	2,63922	63,972	-20,3597
9,24	2,04835	63,8853	-20,5063
9,25	1,45554	63,7908	-20,6517
9,26	0,860851	63,6884	-20,7956
9,27	0,26436	63,5781	-20,9381
9,28	-0,333855	63,46	-21,0791
9,29	-0,933716	63,3342	-21,2186
9,3	-1,53515	63,2005	-21,3566
9,31	-2,13807	63,0591	-21,493
9,32	-2,7424	62,91	-21,6277
9,33	-3,34806	62,7532	-21,7609
9,34	-3,95498	62,5888	-21,8924
9,35	-4,56306	62,4168	-22,0221
9,36	-5,17224	62,2372	-22,1502
9,37	-5,78242	62,05	-22,2764
9,38	-6,39352	61,8554	-22,4009
9,39	-7,00547	61,6533	-22,5235
9,4	-7,61817	61,4437	-22,6443
9,41	-8,23155	61,2269	-22,7631
9,42	-8,84552	61,0026	-22,8801
9,43	-9,46	60,7712	-22,9951
9,44	-10,0749	60,5324	-23,1082
9,45	-10,6901	60,2865	-23,2192
9,46	-11,3056	60,0335	-23,3282
9,47	-11,9213	59,7734	-23,4352
15,18	-64,9819	-6,68108	-0,542632
15,19	-64,9774	-6,10445	-0,232747
15,2	-64,9638	-5,52571	0,0768534
15,21	-64,9412	-4,94494	0,386122
15,22	-64,9095	-4,36222	0,69501
15,23	-64,8688	-3,77763	1,00347
15,24	-64,8189	-3,19126	1,31146
15,25	-64,7599	-2,6032	1,61892
15,26	-64,6919	-2,01352	1,92581
15,27	-64,6147	-1,42231	2,23209
15,28	-64,5284	-0,829649	2,53771
15,29	-64,4331	-0,235629	2,84261
15,3	-64,3286	0,359667	3,14677
15,31	-64,2151	0,956155	3,45012
15,32	-64,0925	1,55375	3,75263
15,33	-63,9609	2,15237	4,05426
15,34	-63,8202	2,75192	4,35495
15,35	-63,6705	3,35233	4,65466
15,36	-63,5118	3,9535	4,95335
15,37	-63,3441	4,55535	5,25098
15,38	-63,1675	5,1578	5,54751
15,39	-62,982	5,76076	5,84288
15,4	-62,7876	6,36415	6,13707
15,41	-62,5843	6,96787	6,43002
15,42	-62,3722	7,57185	6,72171
15,43	-62,1513	8,176	7,01208
15,44	-61,9216	8,78024	7,3011
15,45	-61,6833	9,38448	7,58872
15,46	-61,4362	9,98864	7,87492
15,47	-61,1806	10,5926	8,15964
15,48	-60,9164	11,1964	8,44286
15,49	-60,6437	11,7998	8,72453
15,5	-60,3625	12,4028	9,00462
15,51	-60,0729	13,0053	9,28309
15,52	-59,775	13,6072	9,5599
15,53	-59,4687	14,2084	9,83502
15,54	-59,1542	14,809	10,1084
15,55	-58,8316	15,4086	10,38
19,02	6,29776	7,15589	0,881027
19,03	6,13405	6,95361	0,848584
19,04	5,97252	6,75468	0,817001
19,05	5,81317	6,55909	0,786267
19,06	5,65602	6,36685	0,756372
19,07	5,50108	6,17795	0,727302
19,08	5,34838	5,99238	0,699047
19,09	5,19793	5,81014	0,671595
19,1	5,04973	5,63123	0,644934
19,11	4,9038	5,45563	0,619051
19,12	4,76015	5,28334	0,593936
19,13	4,6188	5,11435	0,569575
19,14	4,47974	4,94865	0,545958
19,15	4,34299	4,78622	0,523071
19,16	4,20856	4,62706	0,500902
19,17	4,07645	4,47115	0,479438
19,18	3,94667	4,31848	0,458669
19,19	3,81922	4,16904	0,43858
19,2	3,69411	4,0228	0,419161
19,21	3,57134	3,87975	0,400397
19,22	3,45091	3,73988	0,382277
19,23	3,33282	3,60316	0,364788
19,24	3,21707	3,46958	0,347918
19,25	3,10366	3,33912	0,331654
19,26	2,9926	3,21175	0,315983
19,27	2,88387	3,08745	0,300893
19,28	2,77748	2,9662	0,286372
19,29	2,67341	2,84799	0,272407
19,3	2,57167	2,73277	0,258985
19,31	2,47225	2,62054	0,246094
19,32	2,37514	2,51125	0,233722
19,33	2,28034	2,4049	0,221856
19,34	2,18783	2,30144	0,210484
19,35	2,0976	2,20085	0,199593
19,36	2,00964	2,1031	0,189172
19,37	1,92395	2,00816	0,179208
19,38	1,84051	1,91601	0,169689
19,39	1,75931	1,82661	0,160603
19,4	1,68033	1,73992	0,151938
19,41	1,60356	1,65592	0,143682
19,42	1,52898	1,57458	0,135824
19,43	1,45657	1,49585	0,128351
19,44	1,38632	1,41972	0,121253
19,45	1,31821	1,34613	0,114517
19,46	1,25222	1,27505	0,108132
19,47	1,18833	1,20645	0,102087
19,48	1,12652	1,1403	0,0963703
19,49	1,06677	1,07655	0,0909716
19,5	1,00905	1,01516	0,0858796
19,51	0,953334	0,956104	0,0810836
19,52	0,89961	0,899334	0,0765729
19,53	0,847846	0,844813	0,0723369
19,54	0,798018	0,792501	0,0683652
19,55	0,750098	0,742357	0,0646477
19,56	0,70406	0,694339	0,0611743
19,57	0,659873	0,648406	0,0579349
19,58	0,617511	0,604516	0,05492
19,59	0,576942	0,562627	0,0521198
19,6	0,538137	0,522696	0,0495249
19,61	0,501063	0,484678	0,047126
19,62	0,46569	0,448531	0,0449141
19,63	0,431984	0,41421	0,0428803
19,64	0,399912	0,381671	0,0410158
19,65	0,369439	0,350868	0,039312
19,66	0,340531	0,321757	0,0377607
19,67	0,313152	0,294292	0,0363537
19,68	0,287266	0,268427	0,0350829
19,69	0,262836	0,244116	0,0339407
19,7	0,239825	0,221312	0,0329194
19,71	0,218194	0,199969	0,0320117
19,72	0,197904	0,180039	0,0312105
19,73	0,178917	0,161476	0,0305087
19,74	0,161191	0,144231	0,0298997
19,75	0,144688	0,128257	0,029377
19,76	0,129364	0,113507	0,0289342
19,77	0,115179	0,099932	0,0285653
19,78	0,10209	0,0874837	0,0282644
19,79	0,0900538	0,0761139	0,0280259
19,8	0,0790278	0,0657741	0,0278444
19,81	0,0689678	0,0564155	0,0277146
19,82	0,0598293	0,0479895	0,0276318
19,83	0,0515674	0,0404472	0,0275911
19,84	0,0441367	0,0337395	0,0275882
19,85	0,0374914	0,0278176	0,0276186
19,86	0,0315852	0,0226323	0,0276786
19,87	0,0263714	0,0181346	0,0277642
19,88	0,0218028	0,0142754	0,027872
19,89	0,0178319	0,0110056	0,0279987
19,9	0,0144107	0,00827613	0,0281412
19,91	0,0114911	0,00603784	0,0282969
19,92	0,00902422	0,00424177	0,0284631
19,93	0,0069612	0,00283894	0,0286375
19,94	0,00525269	0,00178046	0,0288181
19,95	0,00384905	0,00101754	0,0290032
19,96	0,00270035	0,000501473	0,029191
19,97	0,00175639	0,000183671	0,0293804
19,98	0,000966713	1,57E-05	0,0295703
19,99	0,000280597	-5,08E-05	0,0297599
20	-0,000352899	-6,39E-05	0,0299486
20,01	0	0,00E+00	0
20,02	0	0,00E+00	0
20,03	0	0,00E+00	0
20,04	0	0,00E+00	0
20,05	0	0,00E+00	0
20,06	0	0,00E+00	0
20,07	0	0,00E+00	0
20,08	0	0,00E+00	0
20,09	0	0,00E+00	0
20,1	0	0,00E+00	0
20,11	0	0,00E+00	0
20,12	0	0,00E+00	0
20,13	0	0,00E+00	0
20,14	0	0,00E+00	0
20,15	0	0,00E+00	0
20,16	0	0,00E+00	0
20,17	0	0,00E+00	0
20,18	0	0,00E+00	0
20,19	0	0,00E+00	0
20,2	0	0,00E+00	0
20,21	0	0,00E+00	0
20,22	0	0,00E+00	0
20,23	0	0,00E+00	0
20,24	0	0,00E+00	0
20,25	0	0,00E+00	0
20,26	0	0,00E+00	0
20,27	0	0,00E+00	0
20,28	0	0,00E+00	0
20,29	0	0,00E+00	0
20,3	0	0,00E+00	0
20,31	0	0,00E+00	0
20,32	0	0,00E+00	0
20,33	0	0,00E+00	0
20,34	0	0,00E+00	0
20,35	0	0,00E+00	0
20,36	0	0,00E+00	0
20,37	0	0,00E+00	0
20,38	0	0,00E+00	0
20,39	0	0,00E+00	0
20,4	0	0,00E+00	0
20,41	0	0,00E+00	0
20,42	0	0,00E+00	0
20,43	0	0,00E+00	0
20,44	0	0,00E+00	0
20,45	0	0,00E+00	0
20,46	0	0,00E+00	0
20,47	0	0,00E+00	0
20,48	0	0,00E+00	0
20,49	0	0,00E+00	0
20,5	0	0,00E+00	0
20,51	0	0,00E+00	0
20,52	0	0,00E+00	0
20,53	0	0,00E+00	0
20,54	0	0,00E+00	0
20,55	0	0,00E+00	0
20,56	0	0,00E+00	0
20,57	0	0,00E+00	0
20,58	0	0,00E+00	0
20,59	0	0,00E+00	0
20,6	0	0,00E+00	0
20,61	0	0,00E+00	0
20,62	0	0,00E+00	0
20,63	0	0,00E+00	0
20,64	0	0,00E+00	0
20,65	0	0,00E+00	0
20,66	0	0,00E+00	0
20,67	0	0,00E+00	0
20,68	0	0,00E+00	0
20,69	0	0,00E+00	0
20,7	0	0,00E+00	0
20,71	0	0,00E+00	0
20,72	0	0,00E+00	0
20,73	0	0,00E+00	0
20,74	0	0,00E+00	0
20,75	0	0,00E+00	0
20,76	0	0,00E+00	0
20,77	0	0,00E+00	0
20,78	0	0,00E+00	0
20,79	0	0,00E+00	0
20,8	0	0,00E+00	0
20,81	0	0,00E+00	0
20,82	0	0,00E+00	0
20,83	0	0,00E+00	0
20,84	0	0,00E+00	0
20,85	0	0,00E+00	0
20,86	0	0,00E+00	0
20,87	0	0,00E+00	0
20,88	0	0,00E+00	0
20,89	0	0,00E+00	0
20,9	0	0,00E+00	0
20,91	0	0,00E+00	0
20,92	0	0,00E+00	0
20,93	0	0,00E+00	0
20,94	0	0,00E+00	0
20,95	0	0,00E+00	0
20,96	0	0,00E+00	0
20,97	0	0,00E+00	0
20,98	0	0,00E+00	0
20,99	0	0,00E+00	0
21	0	0,00E+00	0
21,01	0	0,00E+00	0
21,02	0	0,00E+00	0
21,03	0	0,00E+00	0
21,04	0	0,00E+00	0
21,05	0	0,00E+00	0
21,06	0	0,00E+00	0
21,07	0	0,00E+00	0
21,08	0	0,00E+00	0
21,09	0	0,00E+00	0
21,1	0	0,00E+00	0
21,11	0	0,00E+00	0
21,12	0	0,00E+00	0
21,13	0	0,00E+00	0
21,14	0	0,00E+00	0
21,15	0	0,00E+00	0
21,16	0	0,00E+00	0
21,17	0	0,00E+00	0
21,18	0	0,00E+00	0
21,19	0	0,00E+00	0
21,2	0	0,00E+00	0
21,21	0	0,00E+00	0
21,22	0	0,00E+00	0
21,23	0	0,00E+00	0
21,24	0	0,00E+00	0
21,25	0	0,00E+00	0
21,26	0	0,00E+00	0
21,27	0	0,00E+00	0
21,28	0	0,00E+00	0
21,29	0	0,00E+00	0
21,3	0	0,00E+00	0
21,31	0	0,00E+00	0
21,32	0	0,00E+00	0
21,33	0	0,00E+00	0
21,34	0	0,00E+00	0
21,35	0	0,00E+00	0
21,36	0	0,00E+00	0
21,37	0	0,00E+00	0
21,38	0	0,00E+00	0
21,39	0	0,00E+00	0
21,4	0	0,00E+00	0
21,41	0	0,00E+00	0
21,42	0	0,00E+00	0
21,43	0	0,00E+00	0
21,44	0	0,00E+00	0
21,45	0	0,00E+00	0
21,46	0	0,00E+00	0
21,47	0	0,00E+00	0
21,48	0	0,00E+00	0
21,49	0	0,00E+00	0
21,5	0	0,00E+00	0
21,51	0	0,00E+00	0
21,52	0	0,00E+00	0
21,53	0	0,00E+00	0
21,54	0	0,00E+00	0
21,55	0	0,00E+00	0
21,56	0	0,00E+00	0
21,57	0	0,00E+00	0
21,58	0	0,00E+00	0
21,59	0	0,00E+00	0
21,6	0	0,00E+00	0
21,61	0	0,00E+00	0
21,62	0	0,00E+00	0
21,63	0	0,00E+00	0
21,64	0	0,00E+00	0
21,65	0	0,00E+00	0
21,66	0	0,00E+00	0
21,67	0	0,00E+00	0
21,68	0	0,00E+00	0
21,69	0	0,00E+00	0
21,7	0	0,00E+00	0
21,71	0	0,00E+00	0
21,72	0	0,00E+00	0
21,73	0	0,00E+00	0
21,74	0	0,00E+00	0
21,75	0	0,00E+00	0
21,76	0	0,00E+00	0
21,77	0	0,00E+00	0
21,78	0	0,00E+00	0
21,79	0	0,00E+00	0
21,8	0	0,00E+00	0
21,81	0	0,00E+00	0
21,82	0	0,00E+00	0
21,83	0	0,00E+00	0
21,84	0	0,00E+00	0
21,85	0	0,00E+00	0
21,86	0	0,00E+00	0
21,87	0	0,00E+00	0
21,88	0	0,00E+00	0
21,89	0	0,00E+00	0
21,9	0	0,00E+00	0
21,91	0	0,00E+00	0
21,92	0	0,00E+00	0
21,93	0	0,00E+00	0
21,94	0	0,00E+00	0
21,95	0	0,00E+00	0
21,96	0	0,00E+00	0
21,97	0	0,00E+00	0
21,98	0	0,00E+00	0
21,99	0	0,00E+00	0
22	0	0,00E+00	0
22,01	0	0,00E+00	0
22,02	0	0,00E+00	0
22,03	0	0,00E+00	0
22,04	0	0,00E+00	0
22,05	0	0,00E+00	0
22,06	0	0,00E+00	0
22,07	0	0,00E+00	0
22,08	0	0,00E+00	0
22,09	0	0,00E+00	0
22,1	0	0,00E+00	0
22,11	0	0,00E+00	0
22,12	0	0,00E+00	0
22,13	0	0,00E+00	0
22,14	0	0,00E+00	0
22,15	0	0,00E+00	0
22,16	0	0,00E+00	0
22,17	0	0,00E+00	0
22,18	0	0,00E+00	0
22,19	0	0,00E+00	0
22,2	0	0,00E+00	0
22,21	0	0,00E+00	0
22,22	0	0,00E+00	0
22,23	0	0,00E+00	0
22,24	0	0,00E+00	0
22,25	0	0,00E+00	0
22,26	0	0,00E+00	0
22,27	0	0,00E+00	0
22,28	0	0,00E+00	0
22,29	0	0,00E+00	0
22,3	0	0,00E+00	0
22,31	0	0,00E+00	0
22,32	0	0,00E+00	0
22,33	0	0,00E+00	0
22,34	0	0,00E+00	0
22,35	0	0,00E+00	0
22,36	0	0,00E+00	0
22,37	0	0,00E+00	0
22,38	0	0,00E+00	0
22,39	0	0,00E+00	0
22,4	0	0,00E+00	0
22,41	0	0,00E+00	0
22,42	0	0,00E+00	0
22,43	0	0,00E+00	0
22,44	0	0,00E+00	0
22,45	0	0,00E+00	0
22,46	0	0,00E+00	0
22,47	0	0,00E+00	0
22,48	0	0,00E+00	0
22,49	0	0,00E+00	0
22,5	0	0,00E+00	0
22,51	0	0,00E+00	0
22,52	0	0,00E+00	0
22,53	0	0,00E+00	0
22,54	0	0,00E+00	0
22,55	0	0,00E+00	0
22,56	0	0,00E+00	0
22,57	0	0,00E+00	0
22,58	0	0,00E+00	0
22,59	0	0,00E+00	0
22,6	0	0,00E+00	0
22,61	0	0,00E+00	0
22,62	0	0,00E+00	0
22,63	0	0,00E+00	0
22,64	0	0,00E+00	0
22,65	0	0,00E+00	0
22,66	0	0,00E+00	0
22,67	0	0,00E+00	0
22,68	0	0,00E+00	0
22,69	0	0,00E+00	0
22,7	0	0,00E+00	0
22,71	0	0,00E+00	0
22,72	0	0,00E+00	0
22,73	0	0,00E+00	0
22,74	0	0,00E+00	0
22,75	0	0,00E+00	0
22,76	0	0,00E+00	0
22,77	0	0,00E+00	0
22,78	0	0,00E+00	0
22,79	0	0,00E+00	0
22,8	0	0,00E+00	0
22,81	0	0,00E+00	0
22,82	0	0,00E+00	0
22,83	0	0,00E+00	0
22,84	0	0,00E+00	0
22,85	0	0,00E+00	0
22,86	0	0,00E+00	0
22,87	0	0,00E+00	0
22,88	0	0,00E+00	0
22,89	0	0,00E+00	0
22,9	0	0,00E+00	0
22,91	0	0,00E+00	0
22,92	0	0,00E+00	0
22,93	0	0,00E+00	0
22,94	0	0,00E+00	0
22,95	0	0,00E+00	0
22,96	0	0,00E+00	0
22,97	0	0,00E+00	0
22,98	0	0,00E+00	0
22,99	0	0,00E+00	0
23	0	0,00E+00	0
23,01	0	0,00E+00	0
23,02	0	0,00E+00	0
23,03	0	0,00E+00	0
23,04	0	0,00E+00	0
23,05	0	0,00E+00	0
23,06	0	0,00E+00	0
23,07	0	0,00E+00	0
23,08	0	0,00E+00	0
23,09	0	0,00E+00	0
23,1	0	0,00E+00	0
23,11	0	0,00E+00	0
23,12	0	0,00E+00	0
23,13	0	0,00E+00	0
23,14	0	0,00E+00	0
23,15	0	0,00E+00	0
23,16	0	0,00E+00	0
23,17	0	0,00E+00	0
23,18	0	0,00E+00	0
23,19	0	0,00E+00	0
23,2	0	0,00E+00	0
23,21	0	0,00E+00	0
23,22	0	0,00E+00	0
23,23	0	0,00E+00	0
23,24	0	0,00E+00	0
23,25	0	0,00E+00	0
23,26	0	0,00E+00	0
23,27	0	0,00E+00	0
23,28	0	0,00E+00	0
23,29	0	0,00E+00	0
23,3	0	0,00E+00	0
23,31	0	0,00E+00	0
23,32	0	0,00E+00	0
23,33	0	0,00E+00	0
23,34	0	0,00E+00	0
23,35	0	0,00E+00	0
23,36	0	0,00E+00	0
23,37	0	0,00E+00	0
23,38	0	0,00E+00	0
23,39	0	0,00E+00	0
23,4	0	0,00E+00	0
23,41	0	0,00E+00	0
23,42	0	0,00E+00	0
23,43	0	0,00E+00	0
23,44	0	0,00E+00	0
23,45	0	0,00E+00	0
23,46	0	0,00E+00	0
23,47	0	0,00E+00	0
23,48	0	0,00E+00	0
23,49	0	0,00E+00	0
23,5	0	0,00E+00	0
23,51	0	0,00E+00	0
23,52	0	0,00E+00	0
23,53	0	0,00E+00	0
23,54	0	0,00E+00	0
23,55	0	0,00E+00	0
23,56	0	0,00E+00	0
23,57	0	0,00E+00	0
23,58	0	0,00E+00	0
23,59	0	0,00E+00	0
23,6	0	0,00E+00	0
23,61	0	0,00E+00	0
23,62	0	0,00E+00	0
23,63	0	0,00E+00	0
23,64	0	0,00E+00	0
23,65	0	0,00E+00	0
23,66	0	0,00E+00	0
23,67	0	0,00E+00	0
23,68	0	0,00E+00	0
23,69	0	0,00E+00	0
23,7	0	0,00E+00	0
23,71	0	0,00E+00	0
23,72	0	0,00E+00	0
23,73	0	0,00E+00	0
23,74	0	0,00E+00	0
23,75	0	0,00E+00	0
23,76	0	0,00E+00	0
23,77	0	0,00E+00	0
23,78	0	0,00E+00	0
23,79	0	0,00E+00	0
23,8	0	0,00E+00	0
23,81	0	0,00E+00	0
23,82	0	0,00E+00	0
23,83	0	0,00E+00	0
23,84	0	0,00E+00	0
23,85	0	0,00E+00	0
23,86	0	0,00E+00	0
23,87	0	0,00E+00	0
23,88	0	0,00E+00	0
23,89	0	0,00E+00	0
23,9	0	0,00E+00	0
23,91	0	0,00E+00	0
23,92	0	0,00E+00	0
23,93	0	0,00E+00	0
23,94	0	0,00E+00	0
23,95	0	0,00E+00	0
23,96	0	0,00E+00	0
23,97	0	0,00E+00	0
23,98	0	0,00E+00	0
23,99	0	0,00E+00	0
24	0	0,00E+00	0
24,01	0	0,00E+00	0
24,02	0	0,00E+00	0
24,03	0	0,00E+00	0
24,04	0	0,00E+00	0
24,05	0	0,00E+00	0
24,06	0	0,00E+00	0
24,07	0	0,00E+00	0
24,08	0	0,00E+00	0
24,09	0	0,00E+00	0
24,1	0	0,00E+00	0
24,11	0	0,00E+00	0
24,12	0	0,00E+00	0
24,13	0	0,00E+00	0
24,14	0	0,00E+00	0
24,15	0	0,00E+00	0
24,16	0	0,00E+00	0
24,17	0	0,00E+00	0
24,18	0	0,00E+00	0
24,19	0	0,00E+00	0
24,2	0	0,00E+00	0
24,21	0	0,00E+00	0
24,22	0	0,00E+00	0
24,23	0	0,00E+00	0
24,24	0	0,00E+00	0
24,25	0	0,00E+00	0
24,26	0	0,00E+00	0
24,27	0	0,00E+00	0
24,28	0	0,00E+00	0
24,29	0	0,00E+00	0
24,3	0	0,00E+00	0
24,31	0	0,00E+00	0
24,32	0	0,00E+00	0
24,33	0	0,00E+00	0
24,34	0	0,00E+00	0
24,35	0	0,00E+00	0
24,36	0	0,00E+00	0
24,37	0	0,00E+00	0
24,38	0	0,00E+00	0
24,39	0	0,00E+00	0
24,4	0	0,00E+00	0
24,41	0	0,00E+00	0
24,42	0	0,00E+00	0
24,43	0	0,00E+00	0
24,44	0	0,00E+00	0
24,45	0	0,00E+00	0
24,46	0	0,00E+00	0
24,47	0	0,00E+00	0
24,48	0	0,00E+00	0
24,49	0	0,00E+00	0
24,5	0	0,00E+00	0
24,51	0	0,00E+00	0
24,52	0	0,00E+00	0
24,53	0	0,00E+00	0
24,54	0	0,00E+00	0
24,55	0	0,00E+00	0
24,56	0	0,00E+00	0
24,57	0	0,00E+00	0
24,58	0	0,00E+00	0
24,59	0	0,00E+00	0
24,6	0	0,00E+00	0
24,61	0	0,00E+00	0
24,62	0	0,00E+00	0
24,63	0	0,00E+00	0
24,64	0	0,00E+00	0
24,65	0	0,00E+00	0
24,66	0	0,00E+00	0
24,67	0	0,00E+00	0
24,68	0	0,00E+00	0
24,69	0	0,00E+00	0
24,7	0	0,00E+00	0
24,71	0	0,00E+00	0
24,72	0	0,00E+00	0
24,73	0	0,00E+00	0
24,74	0	0,00E+00	0
24,75	0	0,00E+00	0
24,76	0	0,00E+00	0
24,77	0	0,00E+00	0
24,78	0	0,00E+00	0
24,79	0	0,00E+00	0
24,8	0	0,00E+00	0
24,81	0	0,00E+00	0
24,82	0	0,00E+00	0
24,83	0	0,00E+00	0
24,84	0	0,00E+00	0
24,85	0	0,00E+00	0
24,86	0	0,00E+00	0
24,87	0	0,00E+00	0
24,88	0	0,00E+00	0
24,89	0	0,00E+00	0
24,9	0	0,00E+00	0
24,91	0	0,00E+00	0
24,92	0	0,00E+00	0
24,93	0	0,00E+00	0
24,94	0	0,00E+00	0
24,95	0	0,00E+00	0
24,96	0	0,00E+00	0
24,97	0	0,00E+00	0
24,98	0	0,00E+00	0
24,99	0	0,00E+00	0
25	0	0,00E+00	0
